1 55 20 22.863415741428536 1.1999833923074925 2.7338204702522555 2.9075762742065914 41.70986277746573 48.80264864451753
2 54 20 23.02871423485051 1.2299833923074928 2.7611602548067506 2.9075762742065914 40.61391701227356 50.80264864451753
3 56 19 22.23626015503441 1.2741606385306865 2.80217221133108 2.902712250881934 38.86341997612093 52.998739850419405
4 57 19 21.876150327753102 1.3041606385306868 2.7896046287403404 2.902712250881934 37.88160559057492 52.498739850419405
5 58 18 21.528975322102198 1.3628335321250047 2.7742980879173107 2.890421476715667 37.77269192524418 54.92815740111402
6 58 18 20.89896377915662 1.3928335321250043 2.756165304099061 2.890421476715667 37.474792711633036 54.42815740111402
7 58 18 20.133273017672305 1.4228335321250045 2.788761805214667 2.890421476715667 37.65016870701068 53.928157401114014
8 58 18 19.421292661610956 1.4528335321250045 2.811335002711876 2.890421476715667 37.304087658051216 56.20593517889179
9 59 18 19.122118209719243 1.482833532125004 2.8144932943525056 2.890421476715667 36.8002116727724 55.70593517889179
10 57 18 19.06129324648041 1.512833532125004 2.855757234091779 2.890421476715667 36.97237306553752 59.841648313212595
11 56 18 19.426316340167556 1.5428335321250046 2.8931595765234333 2.890421476715667 37.107075756446065 62.11942609099037
12 57 18 19.1155037727962 1.572833532125004 2.8952447969813275 2.890421476715667 36.1560744273856 61.61942609099037
13 57 18 18.668106900048276 1.602833532125004 2.9777638247984752 2.890421476715667 35.786985720472074 61.20275942432371
14 57 18 18.693370057943003 1.6328335321250043 3.042438453267904 2.890421476715667 34.83824570946233 62.80468336756249
15 58 18 18.323367368595097 1.6628335321250038 3.022465672848651 2.890421476715667 34.70527235548172 62.30468336756249
16 58 18 18.353367368595105 1.692833532125004 3.022465672848651 2.890421476715667 35.61325131695918 61.80468336756249
17 57 18 17.918896866126566 1.7228335321250041 3.0547789370836247 2.890421476715667 36.673911193597874 64.08246114534026
18 58 18 17.639950368434732 1.7528335321250037 3.0540020894076334 2.890421476715667 36.18514394018527 63.58246114534026
19 57 18 17.22773593584362 1.7828335321250037 3.045304823904129 2.890421476715667 36.52263567817312 63.08246114534026
20 57 18 17.25773593584362 1.8128335321250038 3.045304823904129 2.890421476715667 36.22263567817312 62.58246114534026
21 56 18 16.03908059467022 1.8428335321250036 3.0904732653104867 2.890421476715667 36.57804657807501 66.80815084268218
22 57 18 15.787693215816358 1.8728335321250036 3.043287659666011 2.890421476715667 36.25128346336212 66.30815084268218
23 57 18 15.817693215816362 1.9028335321250038 3.043287659666011 2.890421476715667 36.15945178010172 65.80815084268218
24 56 17 14.749975311412102 1.9412579534609924 3.0296116483202598 2.884704212714755 37.83524312393437 69.18565344910607
25 56 17 14.7799753114121 1.9712579534609929 3.0296116483202598 2.884704212714755 37.53524312393438 68.68565344910607
26 56 17 14.809975311412101 2.0012579534609927 3.0296116483202598 2.884704212714755 38.29295774047153 68.18565344910607
27 56 17 14.839975311412095 2.0312579534609925 3.0296116483202598 2.884704212714755 38.85028340756254 67.68565344910607
28 56 17 14.869975311412105 2.0612579534609923 3.0296116483202598 2.884704212714755 38.57171197899113 67.18565344910607
29 56 17 14.899975311412097 2.0912579534609925 3.0296116483202598 2.884704212714755 38.554274538404336 66.68565344910607
30 56 16 14.921939597126386 2.1004953708060086 3.049848931649504 2.866178447328927 36.95047478132328 73.50749388055493
31 56 16 14.951939597126385 2.130495370806009 3.049848931649504 2.866178447328927 37.389301529480065 73.00749388055493
32 55 16 15.239611226165055 2.160495370806008 3.0733771437371864 2.866178447328927 38.3207483699864 75.48959938360986
33 55 16 15.269611226165047 2.1904953708060084 3.0733771437371864 2.866178447328927 39.01728982075569 74.98959938360986
34 54 16 15.283423054993593 2.2204953708060082 3.127041127908815 2.866178447328927 39.148506121051724 75.22609492077257
35 54 16 15.313423054993594 2.250495370806008 3.127041127908815 2.866178447328927 39.20559587897507 74.72609492077257
36 54 16 15.343423054993606 2.2804953708060083 3.127041127908815 2.866178447328927 38.905595878975085 74.22609492077257
37 54 16 15.373423054993596 2.310495370806007 3.127041127908815 2.866178447328927 38.60559587897506 73.72609492077257
38 55 16 15.123906272175528 2.3404953708060074 3.145337816495995 2.866178447328927 37.62549413572097 73.22609492077255
39 56 16 14.883836517315249 2.3704953708060077 3.111255478532629 2.866178447328927 36.65361031186882 72.72609492077255
40 57 16 14.652716578414994 2.400495370806007 3.109219016010679 2.866178447328927 35.882898365016366 72.22609492077255
41 57 16 14.682716578414983 2.4304953708060073 3.109219016010679 2.866178447328927 36.53637245551372 71.72609492077255
42 57 16 14.712716578414987 2.4604953708060067 3.109219016010679 2.866178447328927 37.45786743313164 71.22609492077255
43 57 16 14.742716578414985 2.490495370806007 3.109219016010679 2.866178447328927 37.79458859692912 70.72609492077255
44 56 16 15.020443660172406 2.520495370806007 3.110776625722726 2.866178447328927 37.8417726057297 72.89338563463079
45 55 16 15.299542635811896 2.5504953708060065 3.1549673862785665 2.866178447328927 37.852962492927105 73.36213563463079
46 55 16 15.3295426358119 2.5804953708060068 3.1549673862785665 2.866178447328927 37.552962492927115 72.86213563463079
47 54 16 15.174857472426234 2.6104953708060066 3.1710146118115143 2.866178447328927 37.394999860200954 73.70235190823486
48 54 16 15.204857472426246 2.6404953708060064 3.1710146118115143 2.866178447328927 37.17778726969715 73.20235190823486
49 54 16 15.23485747242624 2.670495370806006 3.1710146118115143 2.866178447328927 36.87778726969715 72.70235190823486
50 54 16 15.264857472426238 2.7004953708060055 3.1710146118115143 2.866178447328927 36.61112060303048 72.20235190823486
51 54 16 15.294857472426239 2.7304953708060054 3.1710146118115143 2.866178447328927 36.4705770807281 71.70235190823486
52 53 16 15.606081198321075 2.7604953708060056 3.207510606552345 2.866178447328927 37.31660254047873 73.71289658019869
53 53 16 15.636081198321076 2.7904953708060054 3.207510606552345 2.866178447328927 38.40498383167202 73.21289658019869
54 52 16 15.835132740440404 2.820495370806005 3.2183763925534077 2.866178447328927 39.105076247645904 73.33789658019869
55 52 16 15.865132740440412 2.850495370806005 3.2183763925534077 2.866178447328927 38.8800762476459 72.83789658019869
56 52 16 15.895132740440413 2.880495370806005 3.2183763925534077 2.866178447328927 38.9259905173204 72.33789658019869
